27780
27781
27790
27792
27793
27800
27801
27803
27807
27841
27846
27853
27856
27857
27899
27903
27964
28404
28515
28560
29147
29172
29186
29189
29191
29200
29202
29203
29207
29244
29248
29318
29325
29328
29332
29335
29342
29348
29352
29378
29392
29394
29397
29405
29412
29418
29432
29446
29453
29454
29459
29465
29473
29475
29476
29478
29484
29494
29498
29529
29530
29534
29550
29572
29590
29592
29594
29651
29705
29708
29719
29720
29755
29765
29766
29767
29768
29770
29772
29773
29780
29781
29783
29784
29791
29794
29797
29802
29803
29805
29806
29807
29808
29817
29826
29834
29842
29846
29851
29853
29856
29858
29859
29871
29876
29891
29894
29895
29896
29904
29905
29906
29907
29908
29928
29958
29963
29970
29984
29985
29989
29991
29992
29995
30005
30007
30024
30049
30050
30052
30053
30064
30073
30078
30080
30084
30086
30088
30132
30142
30145
30153
30164
30167
30172
30174
30176
30180
30199
30200
30213
30214
30217
30219
30222
30223
30224
30225
30226
30227
30232
30234
30236
30238
30239
30240
30241
30243
30245
30246
30248
30250
30251
30253
30254
30258
30266
30275
30280
30283
30292
30293
30302
30307
30311
30316
30318
30319
30325
30332
30338
30344
30353
30361
30363
30374
30376
30377
30385
30386
30392
30401
30406
30414
30421
30426
30427
30437
30462
30464
30468
30479
30480
30482
30488
30490
30492
30496
30498
30503
30505
30511
30516
30527
30530
30532
30565
30568
30571
30575
30578
30581
30583
30584
30588
30589
30592
30610
30614
30620
30624
30626
30627
30638
30652
30659
30684
30688
30717
30730
30744
30746
30747
30749
30760
30768
30773
30774
30780
30781
30782
30794
30801
30808
30814
30824
30830
30847
30854
30857
30858
30862
30863
30866
30868
30869
30872
30874
30876
30879
30881
30884
30885
30915
30917
30920
30948
30950
30952
30971
31006
31009
31014
31035
31049
31058
31083
31089
31093
31095
31097
31100
31103
31112
31128
31132
31136
31148
31155
31159
31163
31171
31177
31193
31197
31208
31217
31220
31224
31227
31242
31244
31248
31249
31251
31255
31258
31261
31262
31268
31271
31274
31279
31280
31282
31289
31290
31291
31292
31294
31295
31296
31321
31326
31341
31351
31355
31357
31358
31373
31388
31389
31400
31402
31420
31425
31429
31434
31435
31438
31439
31440
31442
31447
31448
31459
31460
31463
31464
31466
31467
31472
31491
31495
31514
31523
31543
31544
31546
31547
31548
31549
31551
31553
31558
31562
31568
31572
31576
31586
31587
31588
31589
31591
31603
31604
31605
31606
31609
31611
31613
31614
31615
31616
31618
31620
31621
31623
31624
31652
31657
31675
31676
31686
31727
31728
31733
31748
31751
31771
31772
31773
31774
31775
31790
31836
31915
31954
31982
31987
32019
32020
32022
32023
32026
32028
32029
32032
32033
32034
32035
32037
32040
32042
32043
32044
32047
32049
32050
32051
32054
32057
32058
32059
32060
32061
32065
32067
32074
32086
32088
32109
32110
32111
32112
32114
32115
32125
32126
32127
32129
32130
32131
32132
32136
32139
32145
32147
32149
32166
32169
32185
32191
32197
32200
32201
32205
32207
32210
32211
32213
32215
32216
32218
32219
32220
32231
32239
32240
32242
32244
32245
32246
32248
32250
32251
32253
32255
32256
32268
32271
32272
32278
32281
32283
32286
32290
32293
32294
32298
32299
32303
32309
32310
32312
32314
32315
32320
32321
32322
32331
32340
32341
32345
32346
32348
32350
32351
32360
32367
32368
32369
32370
32378
32380
32383
32386
32387
32389
32390
32391
32394
32395
32396
32397
32398
32399
32400
32402
32403
32406
32407
32408
32410
32411
32412
32415
32416
32417
32418
32419
32420
32422
32423
32424
32425
32426
32427
32428
32430
32434
32435
32441
32493
32494
32496
32497
32499
32500
32501
32505
32507
32508
32509
32512
32513
32514
32515
32517
32521
32523
32524
32529
32530
32541
32542
32543
32545
32547
32551
32553
32556
32563
32565
32573
32576
32581
32582
32584
32585
32586
32587
32589
32593
32594
32608
32618
32619
32626
32628
32630
32633
32656
32657
32658
32660
32664
32667
32674
32677
32680
32681
32683
32684
32686
32692
32694
32699
32708
32711
32715
32730
32732
32739
32744
32746
32747
32749
32752
32753
32759
32760
32761
32762
32763
32766
32769
32781
32782
32784
32785
32787
32788
32790
32793
32795
32796
32800
32802
32812
32813
32815
32817
32818
32820
32821
32829
32830
32831
32832
32833
32834
32838
32841
32853
32855
32858
32863
32864
32869
32871
32876
32882
32883
32885
32886
32887
32916
32918
32920
32921
32923
32926
32932
32934
32941
32942
32943
32944
32945
32946
32951
32953
32955
32956
32959
32963
32967
32968
32971
32974
32983
32984
32985
32986
32988
32991
32992
32993
32994
32995
32996
32997
32998
33001
33003
33004
33005
33046
33048
33051
33086
33087
33088
33102
33106
33118
33125
33130
33134
33151
33155
33156
33163
33164
33165
33166
33167
33168
33186
33188
33229
33240
33242
33243
33244
33247
33248
33251
33255
33256
33259
33261
33262
33263
33266
33267
33272
33277
33281
33349
33350
33360
33362
33365
33368
33369
33370
33371
33376
33382
33384
33385
33388
33399
33400
33405
33407
33410
33412
33416
33418
33422
33425
33427
33430
33447
33448
33453
33469
33474
33485
33486
33487
33495
33499
33504
33506
33514
33533
33538
33550
33551
33571
33572
33574
33579
33589
33590
33591
33594
33600
33615
33637
33649
33654
33670
33682
33696
33699
33705
33706
33712
33723
33730
33733
33738
33741
33744
33745
33748
33751
33754
33756
33760
33763
33765
33769
33781
33786
33787
33788
33796
33815
33828
33838
33861
33867
33869
33873
33884
33889
33891
33892
33893
33895
33896
33901
33902
33904
33909
33931
33932
33946
33952
33962
33965
33966
33968
33969
33971
33973
33976
33980
33985
33986
33990
34000
34001
34004
34006
34009
34010
34013
34016
34021
34023
34025
34027
34034
34044
34047
34053
34054
34056
34062
34065
34078
34080
34088
34089
34091
34092
34094
34095
34096
34097
34104
34110
34113
34118
34125
34135
34141
34149
34152
34155
34156
34159
34161
34162
34165
34168
34197
34199
34206
34214
34219
34221
34237
34239
34245
34246
34247
34248
34249
34251
34254
34270
34272
34280
34288
34292
34297
34303
34308
34309
34311
34313
34321
34324
34325
34328
34330
34334
34356
34360
34361
34363
34365
34372
34373
34375
34378
34383
34386
34389
34390
34392
34394
34396
34397
34399
34400
34405
34411
34412
34423
34427
34429
34431
34434
34436
34438
34445
34447
34451
34452
34457
34458
34466
34467
34469
34473
34474
34478
34481
34488
34489
34494
34495
34496
34497
34499
34502
34505
34506
34512
34513
34514
34515
34520
34521
34534
34541
34542
34544
34545
34547
34548
34549
34553
34555
34559
34560
34561
34562
34569
34573
34577
34578
34588
34592
34601
34612
34613
34614
34627
34648
34651
34652
34653
34672
34673
34679
34699
34703
34707
34712
34716
34721
34726
34740
34742
34745
34747
34750
34758
34760
34761
34762
34766
34770
34772
34773
34774
34778
34779
34782
34792
34796
34802
34804
34815
34820
34823
34824
34842
34843
34845
34867
34876
34921
34925
34926
34928
34937
34952
34962
34966
34969
34997
35000
35005
35010
35014
35024
35026
35027
35034
35040
35042
35043
35047
35051
35052
35056
35059
35069
35076
35087
35088
35089
35093
35097
35099
35100
35104
35127
35132
35133
35135
35138
35143
35147
35153
35155
35157
35188
35203
35208
35209
35212
35215
35223
35224
35230
35238
35242
35245
35247
35252
35258
35261
35264
35266
35268
35269
35271
35273
35310
35314
35316
35317
35321
35322
35323
35327
35381
35397
35399
35403
35406
35415
35418
35419
35423
35424
35428
35429
35430
35431
35434
35453
35464
35472
35491
35494
35504
35506
35508
35514
35515
35522
35537
35561
35562
35574
35576
35578
35583
35590
35592
35594
35601
35602
35608
35612
35614
35615
35616
35617
35618
35620
35622
35623
35626
35628
35629
35633
35641
35642
35643
35648
35649
35651
35652
35654
35655
35658
35681
35688
35690
35694
35695
35696
35698
35702
35703
35706
35707
35708
35712
35717
35718
35719
35720
35722
35729
35730
35733
35742
35746
35747
35749
35751
35754
35755
35756
35757
35758
35759
35761
35785
35795
35796
35802
35812
35849
35860
35869
35877
35879
35882
35883
35888
35899
35950
35951
35952
35955
35957
35965
35981
35986
36022
36034
36062
36064
36071
36072
36076
36078
36079
36080
36081
36082
36083
36084
36086
36103
36110
36115
36119
36121
36123
36128
36133
36137
36147
36153
36155
36157
36164
36165
36167
36168
36171
36176
36184
36191
36203
36213
36214
36223
36225
36228
36229
36233
36234
36235
36236
36237
36238
36240
36241
36242
36243
36245
36246
36253
36271
36272
36285
36304
36305
36307
36312
36319
36326
36327
36330
36341
36346
36351
36372
36377
36387
36391
36415
36425
36497
36502
36525
36532
36533
36534
36538
36543
36547
36553
36560
36565
36566
36575
36576
36577
36580
36584
36585
36587
36589
36604
36608
36611
36614
36622
36633
36638
36639
36640
36641
36642
36643
36644
36647
36648
36658
36686
36689
36695
36698
36700
36710
36712
36715
36737
36746
36752
36754
36757
36762
36771
36776
36794
36803
36815
36819
36831
36837
36843
36844
36849
36856
36869
36873
36878
36882
36883
36884
36901
36912
36914
36918
36927
36958
36969
37001
37016
37024
37035
37037
37055
37056
37057
37059
37110
37118
37137
37152
37193
37215
37216
37220
37221
37227
37229
37230
37233
37235
37240
37242
37251
37293
37312
37361
37365
37369
37375
37377
37393
37398
37401
37403
37404
37405
37427
37429
37440
37446
37448
37458
37472
37498
37501
37508
37514
37519
37543
37587
37605
37612
37626
37657
37670
37677
37682
37686
37689
37694
37717
37724
37728
37730
37732
37734
37741
37742
37746
37749
37752
37753
37760
37761
37762
37763
37769
37771
37773
37778
37781
37782
37786
37787
37788
37789
37790
37793
37798
37801
37802
37806
37808
37810
37812
37823
37824
37826
37828
37829
37830
37831
37832
37833
37835
37837
37838
37839
37840
37851
37862
37863
37865
37867
37871
37873
37875
37876
37878
37879
37885
37887
37890
37902
37920
37936
37938
37939
37945
37961
37962
37989
37994
37996
38002
38006
38009
38015
38018
38021
38023
38025
38026
38027
38039
38050
38070
38072
38074
38075
38077
38078
38092
38093
38095
38096
38102
38106
38112
38126
38128
38129
38142
38146
38154
38170
38172
38177
38179
38184
38190
38191
38202
38208
38241
38275
38308
38311
38312
38327
38331
38333
38336
38343
38344
38345
38346
38347
38352
38353
38355
38382
38422
38425
38428
38429
38444
38455
38466
38468
38469
38470
38478
38482
38490
38492
38493
38496
38497
38499
38510
38511
38552
38571
38573
38574
38575
38580
38582
38583
38585
38613
38616
38617
38618
38626
38627
38628
38630
38655
38662
38667
38671
38681
38687
38693
38701
38702
38704
38709
38718
38736
38742
38744
38756
38787
38797
38798
38800
38801
38802
38803
38805
38806
38810
38813
38814
38817
38819
38824
38833
38836
38853
38860
38865
38872
38876
38919
38933
38944
38966
38974
38975
38979
38981
38995
39032
39086
39087
39088
39118
39126
39137
39193
39214
39268
39284
39316
39373
39374
39386
39415
39433
39438
39448
39479
39515
39521
39522
39532
39547
39599
39611
39619
39621
39631
39636
39637
39644
39646
39650
39651
39660
39662
39663
39685
39687
39693
39696
39697
39698
39699
39700
39703
39705
39706
39755
39759
39764
39787
39789
39791
39792
39795
39797
39798
39799
39808
39818
39830
39831
39835
39836
39837
39838
39843
39844
39846
39899
39910
39941
39954
39988
39991
40012
40015
40022
40028
40039
40042
40043
40045
40046
40071
40086
40104
40109
40115
40116
40119
40120
40127
40129
40130
40143
40175
40184
40186
40196
40199
40202
40206
40224
40225
40239
40240
40249
40250
40252
40257
40259
40260
40261
40267
40270
40272
40273
40275
40279
40283
40286
40298
40299
40309
40311
40312
40314
40320
40321
40324
40325
40327
40358
40363
40374
40381
40416
40417
40418
40419
40434
40436
40439
40441
40446
40451
40454
40455
40456
40457
40463
40469
40471
40476
40477
40486
40490
40497
40498
40502
40503
40504
40512
40513
40519
40520
40531
40534
40543
40545
40551
40562
40563
40569
40570
40571
40575
40580
40584
40585
40586
40587
40588
40589
40593
40594
40595
40596
40597
40598
40600
40601
40605
40607
40608
40609
40611
40612
40613
40614
40616
40617
40618
40619
40621
40622
40623
40624
40636
40644
40645
40647
40649
40650
40654
40656
40658
40659
40661
40663
40664
40665
40666
40667
40669
40675
40677
40678
40679
40680
40682
40683
40687
40689
40693
40694
40695
40696
40700
40702
40703
40705
40706
40707
40709
40711
40720
40722
40724
40729
40730
40732
40735
40737
40739
40741
40749
40751
40756
40764
40765
40772
40778
40782
40785
40786
40788
40791
40800
40808
40820
40821
40823
40828
40829
40831
40854
40861
40862
40863
40868
40869
40889
40891
40892
40916
40919
40921
40931
40938
40942
40947
40953
40955
40957
40958
40963
40966
40973
40974
41004
41005
41006
41016
41018
41037
41044
41048
41051
41052
41054
41055
41056
41058
41060
41091
41100
41109
41111
41113
41122
41147
41148
41179
41180
41193
41195
41196
41213
41220
41223
41224
41225
41227
41231
41252
41254
41255
41274
41275
41278
41287
41289
41292
41296
41301
41316
41320
41324
41328
41332
41342
41344
41345
41349
41360
41433
41436
41437
41439
41441
41444
41445
41457
41478
41479
41483
41488
41507
41594
41597
41598
41601
41603
41604
41606
41656
41660
41661
41664
41665
41707
41708
41772
41773
41776
41779
41789
41858
41881
41887
41888
41889
41890
41891
41987
42011
42016
42019
42023
42030
42033
42035
42084
42113
42114
42119
42147
42148
42151
42172
42187
42203
42213
42218
42221
42226
42228
42229
42232
42236
42237
42238
42240
42243
42244
42258
42259
42301
42302
42306
42311
42313
42318
42327
42328
42332
42334
42336
42339
42340
42341
42342
42343
42345
42347
42348
42349
42355
42357
42358
42362
42372
42374
42375
42383
42385
42386
42389
42394
42396
42403
42407
42412
42416
42418
42421
42449
42455
42479
42481
42482
42508
42509
42513
42521
42523
42525
42527
42528
42530
42532
42533
42538
42541
42542
42553
42557
42563
42565
42569
42570
42572
42573
42582
42583
42588
42609
42615
42624
42625
42632
42634
42646
42648
42657
42659
42666
42667
42668
42677
42693
42695
42696
42699
42701
42708
42711
42712
42755
42764
42765
42766
42768
42770
42773
42774
42775
42776
42778
42782
42787
42788
42823
42833
42834
42855
42868
42876
42877
42880
42882
42885
42890
42893
42894
42895
42898
42903
42904
42905
42907
42916
42918
42944
42955
42960
42965
42972
42973
42979
42987
43013
43015
43016
43017
43018
43019
43025
43030
43035
43037
43041
43072
43077
43079
43081
43083
43089
43091
43095
43103
43104
43105
43110
43115
43116
43123
43130
43150
43159
43172
43184
43190
43192
43196
43204
43208
43250
43251
43278
43288
43289
43291
43294
43297
43299
43303
43306
43307
43309
43352
43360
43379
43381
43384
43391
43423
43431
43438
43474
43476
43502
43513
43523
43527
43552
43557
43589
43667
43671
43672
43675
43699
43706
43721
43724
43730
43747
43759
43773
43783
43788
43789
43791
43793
43809
43820
43826
43827
43833
43838
43839
43848
43854
43855
43858
43861
43897
43906
43907
43914
43918
43939
43940
43941
43943
43945
43946
43959
43960
43962
43970
43973
43975
43976
43977
43979
43982
43984
43993
44003
44004
44010
44014
44026
44027
44028
44030
44031
44038
44043
44046
44049
44050
44055
44056
44059
44063
44064
44070
44071
44072
44073
44077
44083
44100
44107
44108
44117
44120
44121
44123
44124
44126
44130
44131
44132
44133
44144
44149
44152
44169
44170
44177
44180
44184
44193
44195
44196
44198
44199
44202
44203
44204
44205
44206
44207
44210
44211
44216
44227
44231
44232
44233
44244
44249
44257
44259
44261
44263
44276
44279
44285
44289
44291
44293
44294
44302
44303
44305
44313
44322
44329
44334
44335
44337
44338
44339
44359
44376
44382
44384
44397
44409
44423
44428
44429
44438
44439
44443
44471
44476
44478
44480
44481
44482
44486
44499
44500
44504
44507
44510
44512
44517
44518
44520
44525
44527
44533
44535
44540
44541
44546
44549
44553
44563
44564
44565
44570
44575
44576
44582
44585
44586
44588
44595
44606
44608
44615
44624
44627
44629
44636
44648
44669
44670
44688
44698
44718
44728
44730
44731
44737
44757
44758
44760
44763
44774
44779
44780
44806
44814
44818
44820
44835
44852
44853
44858
44861
44867
44871
44872
44873
44878
44909
44912
44913
44917
44918
44929
44936
44938
44950
44951
44971
44976
44982
44983
44986
44987
44989
44991
44992
45028
45036
45045
45050
45055
45056
45057
45058
45059
45063
45074
45089
45091
45092
45095
45099
45100
45105
45106
45113
45136
45142
45146
45147
45148
45149
45150
45151
45152
45153
45154
45160
45167
45168
45169
45171
45176
45182
45192
45195
45216
45218
45219
45227
45230
45234
45246
45247
45262
45263
45265
45267
45269
45301
45306
45316
45317
45321
45324
45325
45326
45327
45328
45329
45332
45342
45344
45350
45384
45388
45411
45441
45443
45444
45446
45447
45451
45452
45453
45454
45456
45458
45459
45461
45463
45464
45469
45472
45475
45478
45479
45480
45481
45482
45484
45486
45487
45488
45489
45490
45491
45492
45493
45508
45510
45513
45517
45532
45534
45535
45536
45537
45538
45539
45540
45541
45543
45546
45554
45556
45557
45560
45564
45570
45571
45573
45574
45582
45583
45584
45590
45598
45599
45600
45601
45605
45607
45608
45616
45617
45635
45636
45640
45641
45662
45668
45672
45682
45683
45684
45686
45705
45709
45737
45738
45744
45759
45765
45767
45778
45786
45788
45789
45791
45792
45793
45796
45803
45806
45836
45838
45840
45844
45848
45867
45869
45873
45877
45882
45883
45884
45891
45897
45908
45914
45919
45924
45925
45926
45931
45935
45938
45946
45948
45952
45954
45955
45957
45958
45959
45960
45961
45962
45963
45967
45976
45978
45980
45981
45994
46000
46001
46002
46004
46006
46007
46008
46009
46010
46012
46015
46016
46017
46019
46048
46050
46051
46054
46060
46061
46065
46080
46087
46100
46107
46115
46129
46190
46194
46201
46209
46217
46218
46219
46230
46231
46232
46236
46237
46238
46241
46243
46253
46256
46270
46271
46273
46275
46276
46280
46281
46286
46290
46294
46313
46314
46315
46316
46335
46342
46344
46351
46355
46357
46359
46366
46369
46371
46372
46377
46379
46384
46391
46401
46413
46421
46444
46446
46451
46452
46460
46472
46475
46482
46483
46489
46518
46522
46523
46538
46557
46565
46567
46568
46574
46583
46602
46623
46643
46644
46661
46670
46722
46730
46749
46759
46763
46775
46789
46799
46812
46844
46845
46847
46850
46870
46888
46889
46898
46899
46901
46922
46926
46960
47006
47032
47088
47095
47096
47145
47151
47154
47164
47187
47204
47225
47250
47251
47253
47268
47282
47285
47286
47288
47290
47337
47364
47381
47384
47424
47431
47433
47436
47467
47517
47533
47553
47576
47621
47627
47642
47649
47655
47662
47686
47697
47718
47737
47744
47751
47752
47753
47754
47756
47757
47759
47760
47762
47772
47791
47794
47814
47827
47830
47869
47872
47877
47882
47893
47927
47971
47972
47980
47981
47982
47983
47993
48008
48016
48114
48188
48197
48226
48299
48777
48887
48996
49002
49004
49028
49045
49051
49083
49098
49122
49123
49129
49146
49168
49169
49171
49172
49180
49199
49241
49243
49249
49281
49297
49302
49330
49399
49400
49424
49525
49539
49545
49610
49655
49670
49683
49689
49963
49964
49987
50077
50087
50094
50097
50101
50160
50206
50278
50287
50327
50333
50385
50413
50439
50478
50487
50490
50498
50548
50549
50555
50565
50585
50612
50719
50731
50783
50812
50813
50911
50914
51009
51043
51045
51159
51298
51302
51303
51427
51468
51634
51666
51823
52037
52053
52060
52067
52078
52083
52089
52092
52105
52135
52142
52153
52157
52161
52163
52165
52172
52308
52418
52452
52544
52551
52627
52628
52638
52695
52750
52823
52878
52976
53091
53098
53101
53102
53105
53108
53115
53117
53141
53153
53164
53174
53176
53177
53227
53232
53235
53242
53243
53246
53247
53256
53443
53456
53535
53551
53588
53656
53664
53764
53776
53779
53996
54000
54001
54006
54013
54016
54017
54033
54036
54037
54049
54061
54135
54157
54213
54346
54411
54444
54491
54585
54596
54598
54695
54804
54811
54812
54827
54953
55040
55055
55105
55133
55138
55231
55281
55352
55355
55382
55433
55444
55494
55675
55708
55719
55751
55767
55786
55788
55791
55794
55795
55826
55851
55872
55918
55945
56005
56020
56025
56097
56105
56106
56107
56131
56137
56217
56255
56329
56350
56356
56387
56412
56491
56492
56493
56658
56700
56864
56949
56950
57041
57048
57122
57237
57288
57338
57341
57344
57346
57349
57350
57351
57353
57368
57387
57392
57394
57398
57405
57411
57415
57435
57445
57457
57458
57460
57461
57465
57470
57471
57478
57480
57527
57535
57539
57594
57598
57599
57600
57608
57617
57704
57705
57707
57719
57723
57725
57726
57737
57739
57740
57749
57751
57796
57954
58055
58091
58111
58114
58124
58205
58242
58265
58268
58480
58529
58573
58588
58592
58708
58780
58790
59068
59079
59239
59245
59267
59268
59356
59359
59396
59405
59670
59840
59889
59905
59926
59940
60456
60458
60544
60678
60708
60755
60850
60905
60930
60943
61010
61084
61166
61214
61224
61229
61259
61301
61332
61413
61493
61516
61627
61630
61710
61716
61721
61797
61798
61872
61895
61968
62123
62155
62405
62586
62690
62826
63118
63391
63495
63519
63520
63724
63806
63811
